 0.172974005342
 0.126980990171
 0.106983996928
 0.150977000594
 0.155976012349
 0.160974994302
 0.133979991078
 0.112983003259
 0.108984000981
 0.161975011230
 0.139978989959
 0.150977000594
 0.090985998511
 0.112982995808
 0.116982005537
 0.172974005342
 0.138979002833
 0.131980001926
 0.169974014163
 0.130979999900
 0.106984004378
 0.150977000594
 0.136979013681
 0.134980008006
 0.134979993105
 0.113983005285
 0.121982000768
 0.151977002621
 0.162974998355
 0.148977994919
 0.121982000768
 0.139978989959
 0.131979987025
 0.161975011230
 0.141978010535
 0.131980001926
 0.141978994012
 0.112983003259
 0.106984004378
 0.176973000169
 0.149976998568
 0.154976010323
 0.136979997158
 0.154976010323
 0.108983002603
 0.170974001288
 0.166975006461
 0.158976003528
 0.139979004860
 0.113983005285
 0.107983998954
 0.156976014376
 0.163975000381
 0.138979002833
 0.122982002795
 0.112983003259
 0.115982003510
 0.149976998568
 0.177972003818
 0.130979999900
 0.156975999475
 0.128980010748
 0.113982997835
 0.179973006248
 0.174973994493
 0.131979987025
 0.156975999475
 0.122982002795
 0.109983004630
 0.151976987720
 0.164975002408
 0.135979011655
 0.084986999631
 0.132979005575
 0.110982999206
 0.149976998568
 0.163975000381
 0.134980008006
 0.126981005073
 0.128980010748
 0.124980993569
 0.148977011442
 0.142978012562
 0.132980003953
 0.146977990866
 0.140978008509
 0.105984002352
 0.164975002408
 0.162975013256
 0.159975990653
 0.139979004860
 0.175972998142
 0.144978001714
 0.174973994493
 0.163975000381
 0.162974998355
 0.091986000538
 0.159976005554
 0.161975994706
 0.113983005285
 0.118982002139
 0.109983004630
 0.094985999167
 0.173973992467
 0.168974012136
 0.107983998954
 0.122981004417
 0.138979002833
 0.119981996715
 0.163975000381
 0.155975997448
 0.093986004591
 0.104984000325
 0.110982999206
 0.123980991542
 0.187971010804
 0.174973011017
 0.103983998299
 0.107983998954
 0.113982997835
 0.125980004668
 0.161974996328
 0.156975999475
 0.096985004842
 0.104984000325
 0.114982999861
 0.119981996715
 0.165974989533
 0.167975008488
 0.095985002816
 0.113982997835
 0.111983001232
 0.121982000768
 0.145977988839
 0.172973990440
 0.097984999418
 0.123981997371
 0.115982994437
 0.124981008470
 0.150977000594
 0.162975013256
 0.114982999861
 0.133978992701
 0.144978001714
 0.099985003471
 0.167974993587
 0.155976995826
 0.095985002816
 0.113983005285
 0.141978010535
 0.093985997140
 0.184971004725
 0.154976993799
 0.112983003259
 0.124981001019
 0.136979013681
 0.113983005285
 0.183972001076
 0.175972998142
 0.095985002816
 0.111983001232
 0.110982999206
 0.115982003510
 0.172973006964
 0.161975011230
 0.106983006001
 0.132980003953
 0.111983001232
 0.103983998299
 0.182972013950
 0.153976008296
 0.110983006656
 0.105984002352
 0.136978998780
 0.132979989052
 0.160976007581
 0.154976010323
 0.095985002816
 0.116981998086
 0.119981996715
 0.129979997873
 0.148977994919
 0.141978010535
 0.093986004591
 0.133979991078
 0.132980003953
 0.144978001714
 1.043841004372
 1.021844983101
 0.983850002289
 0.999847948551
 0.985849976540
 0.151977002621
 0.282957017422
 0.219966992736
 0.204968988895
 0.190971001983
 0.183972001076
 0.133979007602
 0.255961000919
 0.228965014219
 0.201969012618
 0.207968994975
 0.190971001983
 0.129980012774
 0.283957004547
 0.220966994762
 0.202968999743
 0.214967995882
 0.203969001770
 0.111982993782
 0.257961004972
 0.242963001132
 0.220966011286
 0.212967991829
 0.200969010592
 0.091986000538
 0.256960988045
 0.220966011286
 0.230965003371
 0.189970999956
 0.213968008757
 0.126981005073
 0.278957992792
 0.234963998199
 0.221965998411
 0.189970999956
 0.181972995400
 0.137979000807
 0.256961017847
 0.241963014007
 0.202968999743
 0.217967003584
 0.182971999049
 0.097985006869
 0.291954994202
 0.246962994337
 0.234963998199
 0.234964996576
 0.233964994550
 0.091986000538
 0.264959990978
 0.197970002890
 0.166974991560
 0.149977013469
 0.165974989533
 0.160975992680
 0.243963003159
 0.218967005610
 0.176973000169
 0.149977013469
 0.158975988626
 0.126981005073
 0.237963989377
 0.193971008062
 0.168974995613
 0.160975992680
 0.140979006886
 0.079987995327
 0.260959982872
 0.202968999743
 0.186971008778
 0.169973999262
 0.140978991985
 0.099985003471
 0.243963003159
 0.191971004009
 0.191971004009
 0.168974995613
 0.144978001714
 0.115981996059
 0.255961000919
 0.210968002677
 0.166975006461
 0.150977000594
 0.160976007581
 0.113983005285
 0.262960016727
 0.212968006730
 0.169973999262
 0.152977004647
 0.141978994012
 0.083987005055
 1.112830996513
 1.047840952873
 1.047841072083
 1.036842942238
 1.010846018791
